('Starting with', [(3, 0, 0), (3, 0, 0), (3, 16, 0), (3, 0, 9)], '...')
(1, 3, 3)
('Starting with', [(3, 0, 0), (4, 0, 0), (4, 5, 0), (4, 0, 8)], '...')
(2, 13, 26)
('Starting with', [(4, 0, 0), (4, 0, 0), (4, 14, 0), (2, 0, 16)], '...')
(3, 0, 0)
('Starting with', [(4, 0, 0), (4, 0, 0), (2, 18, 0), (4, 0, 20)], '...')
(4, 0, 0)
('Starting with', [(4, 0, 0), (4, 0, 0), (4, 16, 0), (2, 0, 15)], '...')
(5, 0, 0)
('Starting with', [(2, 0, 0), (3, 0, 0), (2, 14, 0), (3, 0, 8)], '...')
(6, 10, 60)
('Starting with', [(4, 0, 0), (4, 0, 0), (4, 15, 0), (4, 0, 17)], '...')
(7, 0, 0)
('Starting with', [(3, 0, 0), (4, 0, 0), (3, 10, 0), (2, 0, 7)], '...')
(8, 7, 56)
('Starting with', [(4, 0, 0), (4, 0, 0), (4, 8, 0), (2, 0, 18)], '...')
(9, 0, 0)
('Starting with', [(3, 0, 0), (3, 0, 0), (2, 11, 0), (2, 0, 19)], '...')
(10, 2, 20)
('Starting with', [(4, 0, 0), (4, 0, 0), (4, 9, 0), (4, 0, 16)], '...')
(11, 0, 0)
('Starting with', [(4, 0, 0), (4, 0, 0), (2, 16, 0), (4, 0, 16)], '...')
(12, 0, 0)
('Starting with', [(3, 0, 0), (4, 0, 0), (4, 18, 0), (2, 0, 11)], '...')
(13, 1, 13)
('Starting with', [(3, 0, 0), (3, 0, 0), (2, 7, 0), (2, 0, 9)], '...')
(14, 12, 168)
('Starting with', [(2, 0, 0), (4, 0, 0), (3, 17, 0), (4, 0, 20)], '...')
(15, 1, 15)
('Starting with', [(4, 0, 0), (4, 0, 0), (4, 9, 0), (2, 0, 20)], '...')
(16, 0, 0)
('Starting with', [(2, 0, 0), (4, 0, 0), (4, 20, 0), (4, 0, 18)], '...')
(17, 0, 0)
('Starting with', [(4, 0, 0), (3, 0, 0), (4, 18, 0), (4, 0, 11)], '...')
(18, 0, 0)
('Starting with', [(3, 0, 0), (3, 0, 0), (2, 16, 0), (2, 0, 18)], '...')
(19, 0, 0)
('Starting with', [(3, 0, 0), (4, 0, 0), (4, 17, 0), (4, 0, 16)], '...')
(20, 0, 0)
('Starting with', [(4, 0, 0), (3, 0, 0), (4, 6, 0), (3, 0, 11)], '...')
(21, 7, 147)
('Starting with', [(3, 0, 0), (3, 0, 0), (2, 16, 0), (3, 0, 14)], '...')
(22, 1, 22)
('Starting with', [(2, 0, 0), (4, 0, 0), (4, 19, 0), (2, 0, 18)], '...')
(23, 0, 0)
('Starting with', [(2, 0, 0), (3, 0, 0), (3, 9, 0), (3, 0, 9)], '...')
